100 443 5300 448 6900 446 9400 443 8700 448 9100 447 8400 445 6700 439 6500 447 6600 449 7100 444 7100 438 8500 441 8400 445 8000 447 8800 440 8800 439 9100 433 8600 432 8000 443 9200 434 7700 447 8100 440 7200 438 8600 444 8500 442 8100 447 8800 445 8600 443 8300 441 7600 449 8000 441 8400 435 8300 440 7900 449 9100 437 8500 446 8400 437 8600 439 8800 440 8600 
200 967 11200 973 11400 974 11400 960 11900 980 11100 978 14100 982 15600 965 15500 957 15500 972 14300 970 14700 962 13800 989 15600 976 21300 958 15300 976 15500 967 14800 968 15800 966 15400 964 15400 960 15000 974 15200 972 15300 982 15300 996 15000 975 16200 968 15900 969 15600 967 15500 973 15400 972 17600 964 15500 975 19500 969 14500 957 14800 950 17000 961 14400 962 19000 967 13600 972 15200 
300 1536 21400 1523 20900 1538 20300 1524 20700 1528 21300 1540 21100 1552 21100 1525 26200 1539 21800 1529 20000 1548 21000 1539 20300 1549 20800 1524 21000 1524 20800 1527 19600 1536 21100 1521 21500 1534 18700 1529 21100 1532 18800 1528 20100 1539 21600 1518 21000 1533 21100 1537 21300 1540 21600 1538 45100 1549 21400 1523 20900 1517 20800 1540 20800 1529 20900 1549 21800 1529 20600 1531 23800 1527 20200 1532 21300 1526 21900 1531 21600 
400 2113 24100 2097 26900 2100 23700 2123 24000 2127 23600 2126 24200 2108 23600 2116 32700 2105 26300 2115 24200 2124 24900 2101 26900 2110 25100 2106 26100 2116 26500 2105 35100 2106 23900 2094 25300 2130 24600 2088 24200 2110 24000 2112 24900 2101 25600 2130 23900 2072 25300 2100 25100 2104 24200 2092 26600 2102 24400 2102 25300 2123 23900 2074 23800 2079 23900 2116 26300 2107 24800 2109 28600 2117 24900 2098 26600 2096 24800 2088 26200 
500 2672 33000 2713 31900 2684 31600 2725 32700 2719 38700 2700 33800 2724 32300 2703 31000 2741 31500 2707 32800 2710 28800 2699 32100 2719 32000 2727 31300 2728 32300 2705 33400 2716 31700 2692 29400 2702 29400 2731 29800 2721 32400 2723 31100 2703 31500 2726 33500 2710 32300 2730 31600 2731 33300 2705 32300 2711 30900 2718 27700 2687 30400 2723 28600 2709 29600 2717 29100 2696 28300 2723 28600 2691 27800 2724 29000 2709 28300 2707 35100 
600 3314 33000 3344 34600 3322 36300 3320 34700 3335 33600 3343 35700 3319 34600 3336 35700 3331 32800 3338 33600 3319 33900 3343 35000 3342 37500 3337 37300 3339 37300 3314 37100 3326 35600 3328 38700 3333 38800 3320 37200 3338 36500 3322 37500 3307 37500 3314 40700 3342 36700 3326 36700 3334 35900 3328 37300 3331 39800 3326 35000 3349 36900 3322 36800 3318 39300 3324 36300 3328 37600 3334 37200 3339 35200 3329 37100 3347 36000 3337 41800 
700 3952 43400 3956 38900 3964 38300 3959 43300 3962 42900 3959 43200 3971 44500 3958 44600 3942 42600 3932 42100 3956 45400 3960 41600 3951 42200 3955 42100 3962 43300 3948 42500 3951 42100 3971 39100 3931 44600 3944 44600 3938 43000 3960 41700 3970 42100 3964 40600 3944 48800 3938 44200 3968 39900 3949 41400 3949 41100 3926 38300 3959 39300 3935 38200 3966 38800 3937 40200 3977 41300 3909 40100 3946 38200 3972 39000 3953 38800 3964 37100 
800 4577 47000 4568 53500 4564 45300 4580 44500 4578 44400 4587 48100 4578 46900 4578 50800 4637 45100 4587 47900 4589 44600 4595 50500 4587 45800 4552 48800 4581 49000 4594 50300 4575 47100 4587 47200 4576 54600 4565 56200 4554 50600 4597 46600 4567 47400 4594 51200 4577 44200 4580 50000 4558 47400 4578 55900 4567 52700 4573 48600 4599 48600 4558 47300 4569 49800 4571 47500 4549 49300 4568 47600 4581 46700 4574 49900 4589 43600 4595 49100 
900 5211 53200 5195 54400 5187 55800 5189 57900 5180 52000 5213 49900 5202 51500 5203 54500 5192 55700 5200 55100 5198 50600 5225 55600 5204 51300 5224 57200 5206 48100 5200 50400 5175 51200 5191 50000 5201 50700 5224 52900 5199 49400 5211 56500 5202 48100 5228 48100 5203 47100 5215 53600 5190 50400 5196 54500 5197 54000 5241 55400 5201 53800 5185 49800 5214 56000 5217 49700 5205 53800 5236 53600 5160 52500 5193 54600 5247 51500 5200 53600 
1000 5876 56000 5835 55300 5906 58300 5920 58900 5899 54100 5894 57100 5934 59100 5901 53600 5888 55500 5907 52800 5922 56800 5896 62300 5875 58300 5856 59100 5901 55700 5839 63000 5872 53100 5919 61300 5872 56600 5866 68400 5862 62200 5903 60500 5888 60800 5887 61600 5917 53400 5891 60200 5869 61100 5920 62500 5892 55500 5908 60600 5899 61500 5882 58900 5878 66200 5922 58800 5868 60900 5887 56100 5871 60400 5866 58200 5873 56200 5867 62600 
1100 6529 67000 6513 68000 6534 63900 6527 67900 6505 63700 6520 62700 6533 66900 6518 68500 6568 65400 6480 65400 6499 67500 6494 64600 6528 68600 6526 66100 6523 68500 6532 65800 6514 67000 6515 66800 6494 65000 6522 65500 6521 65000 6510 65000 6544 66400 6523 70300 6535 67300 6536 64400 6539 81700 6511 59300 6512 63300 6530 59300 6536 59500 6535 64400 6533 60700 6503 65100 6521 68800 6481 65900 6539 61800 6505 66900 6539 65700 6506 63500 
1200 7205 71800 7214 76500 7229 67500 7221 72500 7206 71800 7216 72800 7191 74200 7190 70400 7212 74000 7182 68000 7191 74400 7226 74000 7213 76200 7256 67400 7190 89100 7185 68200 7207 65600 7203 71300 7205 69200 7226 70200 7187 68500 7194 74200 7190 70600 7196 70700 7203 71400 7204 67600 7202 67500 7203 71300 7207 72400 7202 73300 7188 70000 7195 65400 7181 70600 7195 75800 7196 66500 7215 67300 7235 75100 7231 70800 7192 68300 7218 70000 
