100 547 3300 553 5000 545 5200 549 5400 541 4200 537 5600 541 4200 542 3700 547 3200 537 4000 541 4700 538 5400 552 4300 544 5400 549 6900 539 4400 540 5500 546 6100 538 5300 545 4600 545 4400 539 5000 551 4800 545 4100 543 5100 541 5400 537 5400 537 4100 538 6100 541 5000 536 4500 534 4900 538 4700 534 5100 545 4300 538 6000 538 5400 546 5200 544 4100 552 6200 
200 1282 9300 1275 6500 1286 6700 1280 7700 1266 6600 1282 9100 1271 8800 1280 10900 1276 8700 1285 8900 1281 7900 1266 7300 1278 9500 1274 10100 1282 10100 1284 9000 1276 11100 1290 8800 1274 11900 1270 8700 1289 10500 1279 8100 1282 8100 1274 9100 1300 8100 1283 10800 1280 8700 1280 10500 1293 9000 1281 9200 1283 8900 1300 8400 1273 9500 1285 8800 1283 10200 1289 9400 1290 9600 1298 8700 1271 9900 1291 8300 
300 2092 12500 2100 12600 2100 16100 2101 12000 2098 12100 2106 12600 2085 12600 2095 13000 2090 16000 2080 12500 2118 12800 2099 12600 2100 12100 2095 11800 2113 11800 2109 14400 2096 12500 2104 12400 2100 10700 2117 12400 2089 10800 2094 14500 2096 12600 2095 12300 2102 12400 2098 13100 2109 12800 2109 17300 2100 12500 2108 12700 2090 18600 2111 13000 2088 12700 2099 15600 2098 12300 2096 13200 2106 12500 2100 12700 2119 13100 2085 12500 
400 2951 14800 2950 16700 2960 14400 2964 14800 2961 14800 2950 14800 2958 14500 2971 16500 2947 15800 2979 14700 2957 15200 2970 16300 2984 15000 2968 15700 2960 15600 2957 16900 2955 14800 2967 14400 2950 14400 2952 15000 2964 14800 2964 15300 2961 17700 2979 14700 2995 15400 2971 14700 2954 14400 2948 15900 2947 15000 2955 15300 2946 14400 2965 14200 2964 14800 2961 15900 2952 15300 2949 17300 2964 15300 2971 16300 2971 15200 2975 16100 
500 3850 20700 3862 20800 3857 20000 3867 20400 3881 21100 3849 20600 3849 20000 3838 19900 3849 20200 3863 21500 3852 18700 3854 20500 3875 20300 3846 19500 3872 20700 3866 21100 3868 19700 3878 18000 3846 18600 3859 18500 3854 19900 3843 21600 3850 20300 3827 20200 3864 20500 3847 19800 3854 21100 3856 20000 3853 19900 3846 18600 3840 19600 3857 18200 3844 20100 3849 17700 3849 18100 3844 17800 3867 18200 3837 17600 3853 18500 3839 19400 
600 4791 21900 4776 22700 4786 23100 4789 21600 4793 21900 4793 23400 4765 22700 4800 23000 4792 22200 4781 21600 4768 21700 4781 22900 4771 24700 4789 24400 4813 24500 4794 25000 4789 24500 4766 25000 4797 24500 4784 30200 4818 24800 4793 24400 4793 24800 4782 27200 4800 23900 4788 23900 4797 23800 4785 24000 4790 24000 4817 23000 4792 24300 4786 24300 4795 25700 4786 25000 4784 24900 4798 24600 4794 23800 4798 25300 4804 25100 4785 22600 
700 5782 28600 5761 26000 5718 26300 5761 32600 5745 29100 5743 29600 5732 28200 5751 29400 5751 29500 5750 28900 5778 30200 5759 29300 5740 28300 5730 29200 5754 30100 5742 29400 5779 29500 5749 26000 5757 37200 5736 27900 5724 29000 5735 28100 5760 29500 5729 28000 5743 29300 5769 30200 5752 26900 5720 29000 5755 26100 5763 26300 5748 27100 5783 26300 5751 25600 5735 26500 5768 27400 5752 27400 5757 25500 5742 26200 5747 26500 5762 27200 
800 6706 31800 6742 30900 6713 30400 6730 30600 6739 32000 6726 38000 6722 32900 6696 34500 6709 31600 6725 33400 6713 31000 6738 34400 6709 32300 6730 36200 6736 34000 6715 35600 6730 31800 6705 34500 6721 34600 6713 33600 6736 34500 6691 33100 6700 34600 6762 33300 6730 30500 6749 35300 6721 31800 6704 35500 6725 38200 6712 32500 6728 34600 6731 32800 6707 35600 6715 34200 6734 35000 6750 34200 6717 33500 6700 33800 6723 30600 6719 34000 
900 7713 37600 7712 40700 7688 39700 7725 40200 7730 38600 7726 35800 7690 36700 7698 38900 7724 41300 7676 39500 7711 36800 7694 38900 7680 35900 7700 40000 7689 36600 7706 35600 7714 35700 7675 35200 7714 38100 7704 37600 7686 45100 7734 39800 7732 38200 7703 37800 7719 36200 7714 38900 7671 36600 7707 42600 7709 38900 7710 43300 7721 38800 7711 36800 7710 40300 7728 35100 7715 39100 7698 38000 7713 35400 7746 38700 7691 36900 7707 35100 
1000 8730 41100 8695 45100 8712 43000 8689 42300 8728 42500 8722 41700 8671 43100 8725 42900 8732 41100 8694 42600 8694 42600 8703 48200 8707 47100 8696 44700 8733 51000 8703 47700 8725 44900 8748 46800 8719 41700 8704 50600 8713 45500 8724 45500 8723 44400 8700 45200 8681 44900 8721 47600 8699 44700 8724 45100 8698 43400 8701 47500 8723 45800 8699 42500 8702 43300 8733 52900 8691 45000 8713 42400 8694 45000 8721 43200 8732 44500 8715 77100 
1100 9728 60300 9729 55200 9744 57100 9752 59200 9794 51100 9741 53900 9734 53700 9722 54300 9744 51600 9745 57200 9749 54300 9745 55000 9757 53100 9763 56900 9711 53100 9734 50700 9727 52300 9752 50700 9732 54400 9725 50800 9742 51700 9733 53300 9736 51300 9715 55400 9754 52900 9753 56300 9730 51700 9714 52100 9735 53900 9744 50400 9741 48400 9748 61000 9726 48400 9720 49100 9759 55700 9713 52900 9744 53000 9738 52400 9715 52100 9735 55600 
1200 10792 61000 10787 63100 10755 57500 10774 58700 10792 58300 10790 59100 10810 58100 10732 68300 10774 60400 10785 58700 10783 61600 10786 61300 10792 63700 10787 55100 10778 64300 10790 58500 10791 54800 10768 58400 10755 58000 10790 56300 10782 61300 10799 59900 10824 58700 10789 59700 10789 56800 10773 65000 10747 61500 10788 57200 10789 58900 10817 59200 10772 60500 10778 55900 10781 58000 10797 63800 10811 61100 10745 62000 10789 60100 10767 63500 10774 55500 10784 59200 
